E2 64 64 0.0 128
2
# Original:  g64a.pgm, 2-D gaussian surface, 64 x 64
# units:  meters
0.00457124 0.00627334 0.00854956 0.0115709 0.0155516 0.0207567 0.0275122 0.0362136 0.0473367 0.0614476 0.0792121 0.101405 0.128916 0.162755 0.204053 0.254057 0.314123 0.3857 0.470304 0.569493 0.684823 0.817803 0.969838 1.14217 1.3358 1.55143 1.78939 2.04954 2.33125 2.63331 2.95389 3.29055 3.64017 3.99904 4.36284 4.72677 5.08556 5.43368 5.7654 6.07498 6.35683 6.60567 6.81669 6.98571 7.10931 7.18497 7.21112 7.18721 7.11376 6.99226 6.82522 6.616 6.36876 6.08828 5.77983 5.44898 5.10148 4.74304 4.37923 4.01532 3.65613 3.30601 2.9687 2.64734 
0.00627334 0.00858302 0.0116617 0.0157349 0.0210836 0.0280548 0.0370724 0.0486489 0.0633981 0.0820464 0.105444 0.134576 0.170566 0.214683 0.268338 0.333079 0.410575 0.502595 0.610977 0.737583 0.884256 1.05275 1.24466 1.46137 1.70392 1.97295 2.26864 2.59056 2.93767 3.3082 3.69966 4.10877 4.5315 4.9631 5.39814 5.83062 6.25412 6.6619 7.0471 7.40292 7.72281 8.00071 8.23117 8.4096 8.53236 8.59693 8.60197 8.54737 8.43427 8.265 8.04301 7.77275 7.45952 7.10931 6.72859 6.32414 5.90281 5.47138 5.03634 4.60376 4.17918 3.76748 3.37279 2.99854 
0.00854956 0.0116617 0.0157965 0.021249 0.0283855 0.0376562 0.0496084 0.0649015 0.0843209 0.108792 0.139391 0.17736 0.224108 0.281216 0.35043 0.433654 0.532924 0.650381 0.788227 0.948668 1.13386 1.3458 1.5863 1.85682 2.15841 2.49161 2.85631 3.2517 3.67618 4.12727 4.60161 5.09491 5.602 6.11689 6.63282 7.14243 7.63791 8.11116 8.55405 8.95862 9.31731 9.62322 9.8703 10.0536 10.1693 10.2151 10.19 10.0945 9.93063 9.70172 9.41242 9.06847 8.67655 8.24405 7.77882 7.289 6.78269 6.26782 5.7519 5.24187 4.74397 4.26361 3.80534 3.37279 
0.0115709 0.0157349 0.021249 0.0284966 0.0379515 0.0501932 0.0659236 0.0859839 0.111372 0.143255 0.18299 0.232127 0.292418 0.365816 0.454465 0.560686 0.68694 0.835792 1.00985 1.21171 1.44384 1.70851 2.0077 2.34294 2.7152 3.12481 3.5713 4.0533 4.56847 5.11345 5.68378 6.27394 6.8774 7.48667 8.09344 8.68876 9.26324 9.80727 10.3113 10.7661 11.1631 11.4946 11.7538 11.9357 12.0363 12.0537 11.9875 11.8391 11.6114 11.3093 10.9387 10.5069 10.0222 9.49366 8.93067 8.34285 7.73973 7.13045 6.52362 5.92707 5.34776 4.79165 4.26361 3.76748 
0.0155516 0.0210836 0.0283855 0.0379515 0.0503896 0.0664406 0.0869975 0.113125 0.146081 0.18733 0.238562 0.3017 0.378905 0.472569 0.585303 0.719907 0.87933 1.06662 1.28483 1.53696 1.82582 2.15395 2.52344 2.93583 3.39195 3.89178 4.43432 5.01748 5.638 6.29137 6.9718 7.6723 8.38467 9.0997 9.80727 10.4966 11.1566 11.7759 12.3434 12.8487 13.2819 13.6347 13.8998 14.0719 14.1474 14.1248 14.0044 13.7889 13.4827 13.0919 12.6243 12.0891 11.4964 10.8569 10.182 9.48291 8.7706 8.05559 7.3476 6.6554 5.98664 5.34776 4.74397 4.17918 
0.0207567 0.0280548 0.0376562 0.0501932 0.0664406 0.087338 0.114013 0.147803 0.19028 0.243267 0.308855 0.389409 0.48757 0.606246 0.748584 0.917937 1.1178 1.35176 1.62335 1.936 2.29287 2.6967 3.14969 3.65327 4.20802 4.81341 5.46774 6.168 6.90972 7.687 8.49246 9.31731 10.1514 10.9836 11.8017 12.5928 13.3438 14.0417 14.6737 15.2278 15.6934 16.0612 16.3237 16.4755 16.5135 16.4369 16.2473 15.9486 15.547 15.0504 14.4688 13.8132 13.096 12.3299 11.5283 10.7041 9.86991 9.0377 8.21832 7.42145 6.6554 5.92707 5.24187 4.60376 
0.0275122 0.0370724 0.0496084 0.0659236 0.0869975 0.114013 0.148381 0.191772 0.246135 0.313719 0.397089 0.499132 0.623052 0.772347 0.950783 1.16233 1.41111 1.70125 2.03685 2.42175 2.85943 3.35283 3.90411 4.51454 5.18424 5.91204 6.6953 7.52978 8.4096 9.32714 10.2731 11.2366 12.2053 13.1657 14.1032 15.0029 15.8493 16.6274 17.3229 17.9224 18.4142 18.7884 19.0374 19.156 19.1418 18.9951 18.7188 18.3188 17.8031 17.1821 16.4678 15.6738 14.8148 13.9058 12.9621 11.9988 11.0301 10.0693 9.12854 8.21832 7.3476 6.52362 5.7519 5.03634 
0.0362136 0.0486489 0.0649015 0.0859839 0.113125 0.147803 0.191772 0.247098 0.316179 0.40177 0.506993 0.63534 0.790663 0.977139 1.19923 1.4616 1.76903 2.12628 2.53797 3.00839 3.54129 4.1397 4.8057 5.5402 6.34269 7.21112 8.14164 9.12854 10.1641 11.2388 12.341 13.4574 14.5731 15.672 16.7369 17.7504 18.6947 19.5529 20.3088 20.9477 21.4571 21.8265 22.0484 22.1183 22.0346 21.7992 21.4169 20.8954 20.2454 19.4797 18.6131 17.6618 16.643 15.5743 14.4733 13.3569 12.2412 11.1409 10.0693 9.0377 8.05559 7.13045 6.26782 5.47138 
0.0473367 0.0633981 0.0843209 0.111372 0.146081 0.19028 0.246135 0.316179 0.403342 0.510969 0.642829 0.803114 0.996412 1.22767 1.50211 1.82518 2.20236 2.63908 3.14047 3.71124 4.35535 5.07584 5.87452 6.75176 7.70624 8.7347 9.83182 10.9901 12.1996 13.4485 14.7225 16.0054 17.2797 18.5261 19.7247 20.8555 21.8982 22.8338 23.6443 24.314 24.8294 25.1801 25.3588 25.3617 25.1889 24.844 24.334 23.6693 22.8632 21.9316 20.8922 19.7641 18.5674 17.3222 16.0486 14.7657 13.4911 12.2412 11.0301 9.86991 8.7706 7.73973 6.78269 5.90281 
0.0614476 0.0820464 0.108792 0.143255 0.18733 0.243267 0.313719 0.40177 0.510969 0.645345 0.809413 1.00816 1.247 1.53174 1.86846 2.26341 2.72285 3.25285 3.85908 4.54657 5.31943 6.18054 7.13128 8.17127 9.29804 10.5069 11.7906 13.1395 14.5413 15.9811 17.4417 18.904 20.3469 21.7482 23.0849 24.334 25.4729 26.4804 27.337 28.0258 28.5328 28.8477 28.964 28.8793 28.5953 28.1179 27.4569 26.6256 25.6406 24.521 23.2878 21.9633 20.5707 19.1328 17.6722 16.2099 14.7657 13.3569 11.9988 10.7041 9.48291 8.34285 7.289 6.32414 
0.0792121 0.105444 0.139391 0.18299 0.238562 0.308855 0.397089 0.506993 0.642829 0.809413 1.0121 1.25678 1.5498 1.89789 2.30806 2.78742 3.34302 3.98158 4.70926 5.53133 6.4519 7.47352 8.59693 9.82069 11.1409 12.551 14.0417 15.6005 17.2123 18.859 20.5201 22.1728 23.7926 25.3538 26.8303 28.196 29.4259 30.4966 31.3874 32.0803 32.5613 32.8205 32.8526 32.6568 32.2373 31.6027 30.7658 29.7437 28.5562 27.2262 25.7782 24.2382 22.6322 20.9862 19.3251 17.6722 16.0486 14.4733 12.9621 11.5283 10.182 8.93067 7.77882 6.72859 
0.101405 0.134576 0.17736 0.232127 0.3017 0.389409 0.499132 0.63534 0.803114 1.00816 1.25678 1.55586 1.91277 2.33526 2.83131 3.40895 4.076 4.8398 5.70692 6.68275 7.77123 8.97438 10.292 11.7213 13.2565 14.889 16.6067 18.3941 20.2328 22.101 23.9745 25.8266 27.629 29.3524 30.9672 32.4445 33.7567 34.8786 35.7881 36.4669 36.9011 37.0817 37.005 36.6726 36.0914 35.2732 34.2347 32.9966 31.5829 30.0203 28.3373 26.5633 24.7278 22.8597 20.9862 19.1328 17.3222 15.5743 13.9058 12.3299 10.8569 9.49366 8.24405 7.10931 
0.128916 0.170566 0.224108 0.292418 0.378905 0.48757 0.623052 0.790663 0.996412 1.247 1.5498 1.91277 2.3444 2.85352 3.44914 4.14019 4.93526 5.84225 6.86801 8.01792 9.2955 10.702 12.2359 13.8927 15.6646 17.5401 19.5041 21.5377 23.6185 25.7209 27.8164 29.8741 31.8617 33.7461 35.4944 37.0745 38.4566 39.6138 40.5232 41.1661 41.5296 41.6059 41.3935 40.8969 40.1262 39.0973 37.8308 36.3517 34.6884 32.8718 30.9346 28.9097 26.8303 24.7278 22.6322 20.5707 18.5674 16.643 14.8148 13.096 11.4964 10.0222 8.67655 7.45952 
0.162755 0.214683 0.281216 0.365816 0.472569 0.606246 0.772347 0.977139 1.22767 1.53174 1.89789 2.33526 2.85352 3.46264 4.17266 4.99343 5.93425 7.00347 8.20806 9.55318 11.0417 12.6737 14.4462 16.3524 18.3819 20.5201 22.7483 25.0437 27.3798 29.7262 32.0502 34.3164 36.4883 38.5288 40.4015 42.0716 43.5073 44.6802 45.5668 46.1489 46.4147 46.3585 45.9816 45.2917 44.3031 43.0357 41.515 39.7704 37.8352 35.7448 33.5359 31.2455 28.9097 26.5633 24.2382 21.9633 19.7641 17.6618 15.6738 13.8132 12.0891 10.5069 9.06847 7.77275 
0.204053 0.268338 0.35043 0.454465 0.585303 0.748584 0.950783 1.19923 1.50211 1.86846 2.30806 2.83131 3.44914 4.17266 5.01298 5.9808 7.08602 8.33731 9.7416 11.3035 13.025 14.9047 16.9375 19.1141 21.421 23.84 26.3483 28.9188 31.5201 34.1173 36.6726 39.1462 41.4971 43.6844 45.6683 47.4116 48.8803 50.0453 50.8831 51.3764 51.5151 51.2962 50.7243 49.8113 48.5757 47.0426 45.2422 43.2092 40.9816 38.5996 36.1041 33.5359 30.9346 28.3373 25.7782 23.2878 20.8922 18.6131 16.4678 14.4688 12.6243 10.9387 9.41242 8.04301 
0.254057 0.333079 0.433654 0.560686 0.719907 0.917937 1.16233 1.4616 1.82518 2.26341 2.78742 3.40895 4.14019 4.99343 5.9808 7.11376 8.40271 9.85643 11.4815 13.2819 15.2582 17.407 19.7209 22.1875 24.7897 27.5052 30.3066 33.162 36.035 38.8856 41.6709 44.3463 46.8665 49.1867 51.2641 53.059 54.5363 55.6662 56.4259 56.7997 56.7797 56.3664 55.5685 54.4022 52.8914 51.0663 48.9625 46.62 44.0821 41.3935 38.5996 35.7448 32.8718 30.0203 27.2262 24.521 21.9316 19.4797 17.1821 15.0504 13.0919 11.3093 9.70172 8.265 
0.314123 0.410575 0.532924 0.68694 0.87933 1.1178 1.41111 1.76903 2.20236 2.72285 3.34302 4.076 4.93526 5.93425 7.08602 8.40271 9.89501 11.5716 13.4385 15.4985 17.7504 20.1886 22.8026 25.5766 28.4893 31.5139 34.618 37.7644 40.9113 44.0133 47.0224 49.8892 52.5639 54.9984 57.1468 58.9678 60.4251 61.4895 62.139 62.3603 62.1487 61.5087 60.4535 59.0046 57.1915 55.05 52.6215 49.9516 47.0886 44.0821 40.9816 37.8352 34.6884 31.5829 28.5562 25.6406 22.8632 20.2454 17.8031 15.547 13.4827 11.6114 9.93063 8.43427 
0.3857 0.502595 0.650381 0.835792 1.06662 1.35176 1.70125 2.12628 2.63908 3.25285 3.98158 4.8398 5.84225 7.00347 8.33731 9.85643 11.5716 13.4911 15.62 17.9596 20.5065 23.2523 26.1832 29.2791 32.5143 35.8567 39.2687 42.7075 46.1255 49.4719 52.6935 55.7359 58.5455 61.0706 63.2632 65.0804 66.486 67.4513 67.9564 67.9909 67.5541 66.655 65.3122 63.553 61.4127 58.9332 56.162 53.1503 49.9516 46.62 43.2092 39.7704 36.3517 32.9966 29.7437 26.6256 23.6693 20.8954 18.3188 15.9486 13.7889 11.8391 10.0945 8.54737 
0.470304 0.610977 0.788227 1.00985 1.28483 1.62335 2.03685 2.53797 3.14047 3.85908 4.70926 5.70692 6.86801 8.20806 9.7416 11.4815 13.4385 15.62 18.0299 20.6673 23.5264 26.5955 29.8566 33.2853 36.8507 40.5153 44.2356 47.9629 51.644 55.2223 58.6393 61.8363 64.7558 67.3433 69.5489 71.3291 72.6479 73.4784 73.8034 73.6163 72.9208 71.7314 70.0725 67.9776 65.4885 62.6533 59.5255 56.162 52.6215 48.9625 45.2422 41.515 37.8308 34.2347 30.7658 27.4569 24.334 21.4169 18.7188 16.2473 14.0044 11.9875 10.19 8.60197 
0.569493 0.737583 0.948668 1.21171 1.53696 1.936 2.42175 3.00839 3.71124 4.54657 5.53133 6.68275 8.01792 9.55318 11.3035 13.2819 15.4985 17.9596 20.6673 23.6185 26.8041 30.2085 33.8095 37.5775 41.4761 45.4619 49.4855 53.4919 57.4221 61.2139 64.8039 68.1292 71.1287 73.7458 75.9294 77.6359 78.8308 79.4894 79.5982 79.1548 78.1685 76.6595 74.6588 72.2065 69.3509 66.1466 62.6533 58.9332 55.05 51.0663 47.0426 43.0357 39.0973 35.2732 31.6027 28.1179 24.844 21.7992 18.9951 16.4369 14.1248 12.0537 10.2151 8.59693 
0.684823 0.884256 1.13386 1.44384 1.82582 2.29287 2.85943 3.54129 4.35535 5.31943 6.4519 7.77123 9.2955 11.0417 13.025 15.2582 17.7504 20.5065 23.5264 26.8041 30.3268 34.0746 38.0204 42.1292 46.3585 50.659 54.9748 59.2448 63.4042 67.3854 71.1204 74.5423 77.5874 80.1974 82.3208 83.9149 84.9472 85.3964 85.2531 84.5203 83.2131 81.3586 78.9942 76.167 72.9322 69.3509 65.4885 61.4127 57.1915 52.8914 48.5757 44.3031 40.1262 36.0914 32.2373 28.5953 25.1889 22.0346 19.1418 16.5135 14.1474 12.0363 10.1693 8.53236 
0.817803 1.05275 1.3458 1.70851 2.15395 2.6967 3.35283 4.1397 5.07584 6.18054 7.47352 8.97438 10.702 12.6737 14.9047 17.407 20.1886 23.2523 26.5955 30.2085 34.0746 38.1693 42.4596 46.905 51.4567 56.059 60.6498 65.1618 69.5245 73.6652 77.5117 80.9939 84.0462 86.6091 88.6318 90.0733 90.904 91.1066 90.677 89.6241 87.9696 85.7474 83.0021 79.7881 76.167 72.2065 67.9776 63.553 59.0046 54.4022 49.8113 45.2917 40.8969 36.6726 32.6568 28.8793 25.3617 22.1183 19.156 16.4755 14.0719 11.9357 10.0536 8.4096 
0.969838 1.24466 1.5863 2.0077 2.52344 3.14969 3.90411 4.8057 5.87452 7.13128 8.59693 10.292 12.2359 14.4462 16.9375 19.7209 22.8026 26.1832 29.8566 33.8095 38.0204 42.4596 47.0886 51.8603 56.7198 61.6049 66.447 71.1732 75.7073 79.9722 83.892 87.3942 90.4117 92.8854 94.7655 96.0137 96.6044 96.5252 95.7777 94.3776 92.3535 89.7467 86.6091 83.0021 78.9942 74.6588 70.0725 65.3122 60.4535 55.5685 50.7243 45.9816 41.3935 37.005 32.8526 28.964 25.3588 22.0484 19.0374 16.3237 13.8998 11.7538 9.8703 8.23117 
1.14217 1.46137 1.85682 2.34294 2.93583 3.65327 4.51454 5.5402 6.75176 8.17127 9.82069 11.7213 13.8927 16.3524 19.1141 22.1875 25.5766 29.2791 33.2853 37.5775 42.1292 46.905 51.8603 56.9418 62.0881 67.2303 72.294 77.2004 81.8687 86.2176 90.1684 93.6468 96.5855 98.9262 100.622 101.637 101.951 101.557 100.464 98.6946 96.2841 93.2817 89.7467 85.7474 81.3586 76.6595 71.7314 66.655 61.5087 56.3664 51.2962 46.3585 41.6059 37.0817 32.8205 28.8477 25.1801 21.8265 18.7884 16.0612 13.6347 11.4946 9.62322 8.00071 
1.3358 1.70392 2.15841 2.7152 3.39195 4.20802 5.18424 6.34269 7.70624 9.29804 11.1409 13.2565 15.6646 18.3819 21.421 24.7897 28.4893 32.5143 36.8507 41.4761 46.3585 51.4567 56.7198 62.0881 67.4934 72.861 78.1105 83.1579 87.9181 92.3067 96.2428 99.6515 102.466 104.63 106.099 106.844 106.848 106.112 104.65 102.494 99.6865 96.2841 92.3535 87.9696 83.2131 78.1685 72.9208 67.5541 62.1487 56.7797 51.5151 46.4147 41.5296 36.9011 32.5613 28.5328 24.8294 21.4571 18.4142 15.6934 13.2819 11.1631 9.31731 7.72281 
1.55143 1.97295 2.49161 3.12481 3.89178 4.81341 5.91204 7.21112 8.7347 10.5069 12.551 14.889 17.5401 20.5201 23.84 27.5052 31.5139 35.8567 40.5153 45.4619 50.659 56.059 61.6049 67.2303 72.861 78.4162 83.8101 88.9544 93.7603 98.141 102.015 105.306 107.951 109.896 111.1 111.539 111.204 110.102 108.255 105.702 102.494 98.6946 94.3776 89.6241 84.5203 79.1548 73.6163 67.9909 62.3603 56.7997 51.3764 46.1489 41.1661 36.4669 32.0803 28.0258 24.314 20.9477 17.9224 15.2278 12.8487 10.7661 8.95862 7.40292 
1.78939 2.26864 2.85631 3.5713 4.43432 5.46774 6.6953 8.14164 9.83182 11.7906 14.0417 16.6067 19.5041 22.7483 26.3483 30.3066 34.618 39.2687 44.2356 49.4855 54.9748 60.6498 66.447 72.294 78.1105 83.8101 89.3026 94.4956 99.2979 103.621 107.383 110.511 112.942 114.626 115.53 115.634 114.936 113.45 111.208 108.255 104.65 100.464 95.7777 90.677 85.2531 79.5982 73.8034 67.9564 62.139 56.4259 50.8831 45.5668 40.5232 35.7881 31.3874 27.337 23.6443 20.3088 17.3229 14.6737 12.3434 10.3113 8.55405 7.0471 
2.04954 2.59056 3.2517 4.0533 5.01748 6.168 7.52978 9.12854 10.9901 13.1395 15.6005 18.3941 21.5377 25.0437 28.9188 33.162 37.7644 42.7075 47.9629 53.4919 59.2448 65.1618 71.1732 77.2004 83.1579 88.9544 94.4956 99.6865 104.434 108.649 112.251 115.17 117.345 118.733 119.304 119.048 117.97 116.091 113.45 110.102 106.112 101.557 96.5252 91.1066 85.3964 79.4894 73.4784 67.4513 61.4895 55.6662 50.0453 44.6802 39.6138 34.8786 30.4966 26.4804 22.8338 19.5529 16.6274 14.0417 11.7759 9.80727 8.11116 6.6619 
2.33125 2.93767 3.67618 4.56847 5.638 6.90972 8.4096 10.1641 12.1996 14.5413 17.2123 20.2328 23.6185 27.3798 31.5201 36.035 40.9113 46.1255 51.644 57.4221 63.4042 69.5245 75.7073 81.8687 87.9181 93.7603 99.2979 104.434 109.074 113.132 116.527 119.193 121.074 122.134 122.349 121.715 120.245 117.97 114.936 111.204 106.848 101.951 96.6044 90.904 84.9472 78.8308 72.6479 66.486 60.4251 54.5363 48.8803 43.5073 38.4566 33.7567 29.4259 25.4729 21.8982 18.6947 15.8493 13.3438 11.1566 9.26324 7.63791 6.25412 
2.63331 3.3082 4.12727 5.11345 6.29137 7.687 9.32714 11.2388 13.4485 15.9811 18.859 22.101 25.7209 29.7262 34.1173 38.8856 44.0133 49.4719 55.2223 61.2139 67.3854 73.6652 79.9722 86.2176 92.3067 98.141 103.621 108.649 113.132 116.983 120.128 122.502 124.057 124.762 124.601 123.578 121.715 119.048 115.634 111.539 106.844 101.637 96.0137 90.0733 83.9149 77.6359 71.3291 65.0804 58.9678 53.059 47.4116 42.0716 37.0745 32.4445 28.196 24.334 20.8555 17.7504 15.0029 12.5928 10.4966 8.68876 7.14243 5.83062 
2.95389 3.69966 4.60161 5.68378 6.9718 8.49246 10.2731 12.341 14.7225 17.4417 20.5201 23.9745 27.8164 32.0502 36.6726 41.6709 47.0224 52.6935 58.6393 64.8039 71.1204 77.5117 83.892 90.1684 96.2428 102.015 107.383 112.251 116.527 120.128 122.981 125.03 126.232 126.563 126.016 124.601 122.349 119.304 115.53 111.1 106.099 100.622 94.7655 88.6318 82.3208 75.9294 69.5489 63.2632 57.1468 51.2641 45.6683 40.4015 35.4944 30.9672 26.8303 23.0849 19.7247 16.7369 14.1032 11.8017 9.80727 8.09344 6.63282 5.39814 
3.29055 4.10877 5.09491 6.27394 7.6723 9.31731 11.2366 13.4574 16.0054 18.904 22.1728 25.8266 29.8741 34.3164 39.1462 44.3463 49.8892 55.7359 61.8363 68.1292 74.5423 80.9939 87.3942 93.6468 99.6515 105.306 110.511 115.17 119.193 122.502 125.03 126.726 127.556 127.501 126.563 124.762 122.134 118.733 114.626 109.896 104.63 98.9262 92.8854 86.6091 80.1974 73.7458 67.3433 61.0706 54.9984 49.1867 43.6844 38.5288 33.7461 29.3524 25.3538 21.7482 18.5261 15.672 13.1657 10.9836 9.0997 7.48667 6.11689 4.9631 
3.64017 4.5315 5.602 6.8774 8.38467 10.1514 12.2053 14.5731 17.2797 20.3469 23.7926 27.629 31.8617 36.4883 41.4971 46.8665 52.5639 58.5455 64.7558 71.1287 77.5874 84.0462 90.4117 96.5855 102.466 107.951 112.942 117.345 121.074 124.057 126.232 127.556 128 127.556 126.232 124.057 121.074 117.345 112.942 107.951 102.466 96.5855 90.4117 84.0462 77.5874 71.1287 64.7558 58.5455 52.5639 46.8665 41.4971 36.4883 31.8617 27.629 23.7926 20.3469 17.2797 14.5731 12.2053 10.1514 8.38467 6.8774 5.602 4.5315 
3.99904 4.9631 6.11689 7.48667 9.0997 10.9836 13.1657 15.672 18.5261 21.7482 25.3538 29.3524 33.7461 38.5288 43.6844 49.1867 54.9984 61.0706 67.3433 73.7458 80.1974 86.6091 92.8854 98.9262 104.63 109.896 114.626 118.733 122.134 124.762 126.563 127.501 127.556 126.726 125.03 122.502 119.193 115.17 110.511 105.306 99.6515 93.6468 87.3942 80.9939 74.5423 68.1292 61.8363 55.7359 49.8892 44.3463 39.1462 34.3164 29.8741 25.8266 22.1728 18.904 16.0054 13.4574 11.2366 9.31731 7.6723 6.27394 5.09491 4.10877 
4.36284 5.39814 6.63282 8.09344 9.80727 11.8017 14.1032 16.7369 19.7247 23.0849 26.8303 30.9672 35.4944 40.4015 45.6683 51.2641 57.1468 63.2632 69.5489 75.9294 82.3208 88.6318 94.7655 100.622 106.099 111.1 115.53 119.304 122.349 124.601 126.016 126.563 126.232 125.03 122.981 120.128 116.527 112.251 107.383 102.015 96.2428 90.1684 83.892 77.5117 71.1204 64.8039 58.6393 52.6935 47.0224 41.6709 36.6726 32.0502 27.8164 23.9745 20.5201 17.4417 14.7225 12.341 10.2731 8.49246 6.9718 5.68378 4.60161 3.69966 
4.72677 5.83062 7.14243 8.68876 10.4966 12.5928 15.0029 17.7504 20.8555 24.334 28.196 32.4445 37.0745 42.0716 47.4116 53.059 58.9678 65.0804 71.3291 77.6359 83.9149 90.0733 96.0137 101.637 106.844 111.539 115.634 119.048 121.715 123.578 124.601 124.762 124.057 122.502 120.128 116.983 113.132 108.649 103.621 98.141 92.3067 86.2176 79.9722 73.6652 67.3854 61.2139 55.2223 49.4719 44.0133 38.8856 34.1173 29.7262 25.7209 22.101 18.859 15.9811 13.4485 11.2388 9.32714 7.687 6.29137 5.11345 4.12727 3.3082 
5.08556 6.25412 7.63791 9.26324 11.1566 13.3438 15.8493 18.6947 21.8982 25.4729 29.4259 33.7567 38.4566 43.5073 48.8803 54.5363 60.4251 66.486 72.6479 78.8308 84.9472 90.904 96.6044 101.951 106.848 111.204 114.936 117.97 120.245 121.715 122.349 122.134 121.074 119.193 116.527 113.132 109.074 104.434 99.2979 93.7603 87.9181 81.8687 75.7073 69.5245 63.4042 57.4221 51.644 46.1255 40.9113 36.035 31.5201 27.3798 23.6185 20.2328 17.2123 14.5413 12.1996 10.1641 8.4096 6.90972 5.638 4.56847 3.67618 2.93767 
5.43368 6.6619 8.11116 9.80727 11.7759 14.0417 16.6274 19.5529 22.8338 26.4804 30.4966 34.8786 39.6138 44.6802 50.0453 55.6662 61.4895 67.4513 73.4784 79.4894 85.3964 91.1066 96.5252 101.557 106.112 110.102 113.45 116.091 117.97 119.048 119.304 118.733 117.345 115.17 112.251 108.649 104.434 99.6865 94.4956 88.9544 83.1579 77.2004 71.1732 65.1618 59.2448 53.4919 47.9629 42.7075 37.7644 33.162 28.9188 25.0437 21.5377 18.3941 15.6005 13.1395 10.9901 9.12854 7.52978 6.168 5.01748 4.0533 3.2517 2.59056 
5.7654 7.0471 8.55405 10.3113 12.3434 14.6737 17.3229 20.3088 23.6443 27.337 31.3874 35.7881 40.5232 45.5668 50.8831 56.4259 62.139 67.9564 73.8034 79.5982 85.2531 90.677 95.7777 100.464 104.65 108.255 111.208 113.45 114.936 115.634 115.53 114.626 112.942 110.511 107.383 103.621 99.2979 94.4956 89.3026 83.8101 78.1105 72.294 66.447 60.6498 54.9748 49.4855 44.2356 39.2687 34.618 30.3066 26.3483 22.7483 19.5041 16.6067 14.0417 11.7906 9.83182 8.14164 6.6953 5.46774 4.43432 3.5713 2.85631 2.26864 
6.07498 7.40292 8.95862 10.7661 12.8487 15.2278 17.9224 20.9477 24.314 28.0258 32.0803 36.4669 41.1661 46.1489 51.3764 56.7997 62.3603 67.9909 73.6163 79.1548 84.5203 89.6241 94.3776 98.6946 102.494 105.702 108.255 110.102 111.204 111.539 111.1 109.896 107.951 105.306 102.015 98.141 93.7603 88.9544 83.8101 78.4162 72.861 67.2303 61.6049 56.059 50.659 45.4619 40.5153 35.8567 31.5139 27.5052 23.84 20.5201 17.5401 14.889 12.551 10.5069 8.7347 7.21112 5.91204 4.81341 3.89178 3.12481 2.49161 1.97295 
6.35683 7.72281 9.31731 11.1631 13.2819 15.6934 18.4142 21.4571 24.8294 28.5328 32.5613 36.9011 41.5296 46.4147 51.5151 56.7797 62.1487 67.5541 72.9208 78.1685 83.2131 87.9696 92.3535 96.2841 99.6865 102.494 104.65 106.112 106.848 106.844 106.099 104.63 102.466 99.6515 96.2428 92.3067 87.9181 83.1579 78.1105 72.861 67.4934 62.0881 56.7198 51.4567 46.3585 41.4761 36.8507 32.5143 28.4893 24.7897 21.421 18.3819 15.6646 13.2565 11.1409 9.29804 7.70624 6.34269 5.18424 4.20802 3.39195 2.7152 2.15841 1.70392 
6.60567 8.00071 9.62322 11.4946 13.6347 16.0612 18.7884 21.8265 25.1801 28.8477 32.8205 37.0817 41.6059 46.3585 51.2962 56.3664 61.5087 66.655 71.7314 76.6595 81.3586 85.7474 89.7467 93.2817 96.2841 98.6946 100.464 101.557 101.951 101.637 100.622 98.9262 96.5855 93.6468 90.1684 86.2176 81.8687 77.2004 72.294 67.2303 62.0881 56.9418 51.8603 46.905 42.1292 37.5775 33.2853 29.2791 25.5766 22.1875 19.1141 16.3524 13.8927 11.7213 9.82069 8.17127 6.75176 5.5402 4.51454 3.65327 2.93583 2.34294 1.85682 1.46137 
6.81669 8.23117 9.8703 11.7538 13.8998 16.3237 19.0374 22.0484 25.3588 28.964 32.8526 37.005 41.3935 45.9816 50.7243 55.5685 60.4535 65.3122 70.0725 74.6588 78.9942 83.0021 86.6091 89.7467 92.3535 94.3776 95.7777 96.5252 96.6044 96.0137 94.7655 92.8854 90.4117 87.3942 83.892 79.9722 75.7073 71.1732 66.447 61.6049 56.7198 51.8603 47.0886 42.4596 38.0204 33.8095 29.8566 26.1832 22.8026 19.7209 16.9375 14.4462 12.2359 10.292 8.59693 7.13128 5.87452 4.8057 3.90411 3.14969 2.52344 2.0077 1.5863 1.24466 
6.98571 8.4096 10.0536 11.9357 14.0719 16.4755 19.156 22.1183 25.3617 28.8793 32.6568 36.6726 40.8969 45.2917 49.8113 54.4022 59.0046 63.553 67.9776 72.2065 76.167 79.7881 83.0021 85.7474 87.9696 89.6241 90.677 91.1066 90.904 90.0733 88.6318 86.6091 84.0462 80.9939 77.5117 73.6652 69.5245 65.1618 60.6498 56.059 51.4567 46.905 42.4596 38.1693 34.0746 30.2085 26.5955 23.2523 20.1886 17.407 14.9047 12.6737 10.702 8.97438 7.47352 6.18054 5.07584 4.1397 3.35283 2.6967 2.15395 1.70851 1.3458 1.05275 
7.10931 8.53236 10.1693 12.0363 14.1474 16.5135 19.1418 22.0346 25.1889 28.5953 32.2373 36.0914 40.1262 44.3031 48.5757 52.8914 57.1915 61.4127 65.4885 69.3509 72.9322 76.167 78.9942 81.3586 83.2131 84.5203 85.2531 85.3964 84.9472 83.9149 82.3208 80.1974 77.5874 74.5423 71.1204 67.3854 63.4042 59.2448 54.9748 50.659 46.3585 42.1292 38.0204 34.0746 30.3268 26.8041 23.5264 20.5065 17.7504 15.2582 13.025 11.0417 9.2955 7.77123 6.4519 5.31943 4.35535 3.54129 2.85943 2.29287 1.82582 1.44384 1.13386 0.884256 
7.18497 8.59693 10.2151 12.0537 14.1248 16.4369 18.9951 21.7992 24.844 28.1179 31.6027 35.2732 39.0973 43.0357 47.0426 51.0663 55.05 58.9332 62.6533 66.1466 69.3509 72.2065 74.6588 76.6595 78.1685 79.1548 79.5982 79.4894 78.8308 77.6359 75.9294 73.7458 71.1287 68.1292 64.8039 61.2139 57.4221 53.4919 49.4855 45.4619 41.4761 37.5775 33.8095 30.2085 26.8041 23.6185 20.6673 17.9596 15.4985 13.2819 11.3035 9.55318 8.01792 6.68275 5.53133 4.54657 3.71124 3.00839 2.42175 1.936 1.53696 1.21171 0.948668 0.737583 
7.21112 8.60197 10.19 11.9875 14.0044 16.2473 18.7188 21.4169 24.334 27.4569 30.7658 34.2347 37.8308 41.515 45.2422 48.9625 52.6215 56.162 59.5255 62.6533 65.4885 67.9776 70.0725 71.7314 72.9208 73.6163 73.8034 73.4784 72.6479 71.3291 69.5489 67.3433 64.7558 61.8363 58.6393 55.2223 51.644 47.9629 44.2356 40.5153 36.8507 33.2853 29.8566 26.5955 23.5264 20.6673 18.0299 15.62 13.4385 11.4815 9.7416 8.20806 6.86801 5.70692 4.70926 3.85908 3.14047 2.53797 2.03685 1.62335 1.28483 1.00985 0.788227 0.610977 
7.18721 8.54737 10.0945 11.8391 13.7889 15.9486 18.3188 20.8954 23.6693 26.6256 29.7437 32.9966 36.3517 39.7704 43.2092 46.62 49.9516 53.1503 56.162 58.9332 61.4127 63.553 65.3122 66.655 67.5541 67.9909 67.9564 67.4513 66.486 65.0804 63.2632 61.0706 58.5455 55.7359 52.6935 49.4719 46.1255 42.7075 39.2687 35.8567 32.5143 29.2791 26.1832 23.2523 20.5065 17.9596 15.62 13.4911 11.5716 9.85643 8.33731 7.00347 5.84225 4.8398 3.98158 3.25285 2.63908 2.12628 1.70125 1.35176 1.06662 0.835792 0.650381 0.502595 
7.11376 8.43427 9.93063 11.6114 13.4827 15.547 17.8031 20.2454 22.8632 25.6406 28.5562 31.5829 34.6884 37.8352 40.9816 44.0821 47.0886 49.9516 52.6215 55.05 57.1915 59.0046 60.4535 61.5087 62.1487 62.3603 62.139 61.4895 60.4251 58.9678 57.1468 54.9984 52.5639 49.8892 47.0224 44.0133 40.9113 37.7644 34.618 31.5139 28.4893 25.5766 22.8026 20.1886 17.7504 15.4985 13.4385 11.5716 9.89501 8.40271 7.08602 5.93425 4.93526 4.076 3.34302 2.72285 2.20236 1.76903 1.41111 1.1178 0.87933 0.68694 0.532924 0.410575 
6.99226 8.265 9.70172 11.3093 13.0919 15.0504 17.1821 19.4797 21.9316 24.521 27.2262 30.0203 32.8718 35.7448 38.5996 41.3935 44.0821 46.62 48.9625 51.0663 52.8914 54.4022 55.5685 56.3664 56.7797 56.7997 56.4259 55.6662 54.5363 53.059 51.2641 49.1867 46.8665 44.3463 41.6709 38.8856 36.035 33.162 30.3066 27.5052 24.7897 22.1875 19.7209 17.407 15.2582 13.2819 11.4815 9.85643 8.40271 7.11376 5.9808 4.99343 4.14019 3.40895 2.78742 2.26341 1.82518 1.4616 1.16233 0.917937 0.719907 0.560686 0.433654 0.333079 
6.82522 8.04301 9.41242 10.9387 12.6243 14.4688 16.4678 18.6131 20.8922 23.2878 25.7782 28.3373 30.9346 33.5359 36.1041 38.5996 40.9816 43.2092 45.2422 47.0426 48.5757 49.8113 50.7243 51.2962 51.5151 51.3764 50.8831 50.0453 48.8803 47.4116 45.6683 43.6844 41.4971 39.1462 36.6726 34.1173 31.5201 28.9188 26.3483 23.84 21.421 19.1141 16.9375 14.9047 13.025 11.3035 9.7416 8.33731 7.08602 5.9808 5.01298 4.17266 3.44914 2.83131 2.30806 1.86846 1.50211 1.19923 0.950783 0.748584 0.585303 0.454465 0.35043 0.268338 
6.616 7.77275 9.06847 10.5069 12.0891 13.8132 15.6738 17.6618 19.7641 21.9633 24.2382 26.5633 28.9097 31.2455 33.5359 35.7448 37.8352 39.7704 41.515 43.0357 44.3031 45.2917 45.9816 46.3585 46.4147 46.1489 45.5668 44.6802 43.5073 42.0716 40.4015 38.5288 36.4883 34.3164 32.0502 29.7262 27.3798 25.0437 22.7483 20.5201 18.3819 16.3524 14.4462 12.6737 11.0417 9.55318 8.20806 7.00347 5.93425 4.99343 4.17266 3.46264 2.85352 2.33526 1.89789 1.53174 1.22767 0.977139 0.772347 0.606246 0.472569 0.365816 0.281216 0.214683 
6.36876 7.45952 8.67655 10.0222 11.4964 13.096 14.8148 16.643 18.5674 20.5707 22.6322 24.7278 26.8303 28.9097 30.9346 32.8718 34.6884 36.3517 37.8308 39.0973 40.1262 40.8969 41.3935 41.6059 41.5296 41.1661 40.5232 39.6138 38.4566 37.0745 35.4944 33.7461 31.8617 29.8741 27.8164 25.7209 23.6185 21.5377 19.5041 17.5401 15.6646 13.8927 12.2359 10.702 9.2955 8.01792 6.86801 5.84225 4.93526 4.14019 3.44914 2.85352 2.3444 1.91277 1.5498 1.247 0.996412 0.790663 0.623052 0.48757 0.378905 0.292418 0.224108 0.170566 
6.08828 7.10931 8.24405 9.49366 10.8569 12.3299 13.9058 15.5743 17.3222 19.1328 20.9862 22.8597 24.7278 26.5633 28.3373 30.0203 31.5829 32.9966 34.2347 35.2732 36.0914 36.6726 37.005 37.0817 36.9011 36.4669 35.7881 34.8786 33.7567 32.4445 30.9672 29.3524 27.629 25.8266 23.9745 22.101 20.2328 18.3941 16.6067 14.889 13.2565 11.7213 10.292 8.97438 7.77123 6.68275 5.70692 4.8398 4.076 3.40895 2.83131 2.33526 1.91277 1.55586 1.25678 1.00816 0.803114 0.63534 0.499132 0.389409 0.3017 0.232127 0.17736 0.134576 
5.77983 6.72859 7.77882 8.93067 10.182 11.5283 12.9621 14.4733 16.0486 17.6722 19.3251 20.9862 22.6322 24.2382 25.7782 27.2262 28.5562 29.7437 30.7658 31.6027 32.2373 32.6568 32.8526 32.8205 32.5613 32.0803 31.3874 30.4966 29.4259 28.196 26.8303 25.3538 23.7926 22.1728 20.5201 18.859 17.2123 15.6005 14.0417 12.551 11.1409 9.82069 8.59693 7.47352 6.4519 5.53133 4.70926 3.98158 3.34302 2.78742 2.30806 1.89789 1.5498 1.25678 1.0121 0.809413 0.642829 0.506993 0.397089 0.308855 0.238562 0.18299 0.139391 0.105444 
5.44898 6.32414 7.289 8.34285 9.48291 10.7041 11.9988 13.3569 14.7657 16.2099 17.6722 19.1328 20.5707 21.9633 23.2878 24.521 25.6406 26.6256 27.4569 28.1179 28.5953 28.8793 28.964 28.8477 28.5328 28.0258 27.337 26.4804 25.4729 24.334 23.0849 21.7482 20.3469 18.904 17.4417 15.9811 14.5413 13.1395 11.7906 10.5069 9.29804 8.17127 7.13128 6.18054 5.31943 4.54657 3.85908 3.25285 2.72285 2.26341 1.86846 1.53174 1.247 1.00816 0.809413 0.645345 0.510969 0.40177 0.313719 0.243267 0.18733 0.143255 0.108792 0.0820464 
5.10148 5.90281 6.78269 7.73973 8.7706 9.86991 11.0301 12.2412 13.4911 14.7657 16.0486 17.3222 18.5674 19.7641 20.8922 21.9316 22.8632 23.6693 24.334 24.844 25.1889 25.3617 25.3588 25.1801 24.8294 24.314 23.6443 22.8338 21.8982 20.8555 19.7247 18.5261 17.2797 16.0054 14.7225 13.4485 12.1996 10.9901 9.83182 8.7347 7.70624 6.75176 5.87452 5.07584 4.35535 3.71124 3.14047 2.63908 2.20236 1.82518 1.50211 1.22767 0.996412 0.803114 0.642829 0.510969 0.403342 0.316179 0.246135 0.19028 0.146081 0.111372 0.0843209 0.0633981 
4.74304 5.47138 6.26782 7.13045 8.05559 9.0377 10.0693 11.1409 12.2412 13.3569 14.4733 15.5743 16.643 17.6618 18.6131 19.4797 20.2454 20.8954 21.4169 21.7992 22.0346 22.1183 22.0484 21.8265 21.4571 20.9477 20.3088 19.5529 18.6947 17.7504 16.7369 15.672 14.5731 13.4574 12.341 11.2388 10.1641 9.12854 8.14164 7.21112 6.34269 5.5402 4.8057 4.1397 3.54129 3.00839 2.53797 2.12628 1.76903 1.4616 1.19923 0.977139 0.790663 0.63534 0.506993 0.40177 0.316179 0.247098 0.191772 0.147803 0.113125 0.0859839 0.0649015 0.0486489 
4.37923 5.03634 5.7519 6.52362 7.3476 8.21832 9.12854 10.0693 11.0301 11.9988 12.9621 13.9058 14.8148 15.6738 16.4678 17.1821 17.8031 18.3188 18.7188 18.9951 19.1418 19.156 19.0374 18.7884 18.4142 17.9224 17.3229 16.6274 15.8493 15.0029 14.1032 13.1657 12.2053 11.2366 10.2731 9.32714 8.4096 7.52978 6.6953 5.91204 5.18424 4.51454 3.90411 3.35283 2.85943 2.42175 2.03685 1.70125 1.41111 1.16233 0.950783 0.772347 0.623052 0.499132 0.397089 0.313719 0.246135 0.191772 0.148381 0.114013 0.0869975 0.0659236 0.0496084 0.0370724 
4.01532 4.60376 5.24187 5.92707 6.6554 7.42145 8.21832 9.0377 9.86991 10.7041 11.5283 12.3299 13.096 13.8132 14.4688 15.0504 15.547 15.9486 16.2473 16.4369 16.5135 16.4755 16.3237 16.0612 15.6934 15.2278 14.6737 14.0417 13.3438 12.5928 11.8017 10.9836 10.1514 9.31731 8.49246 7.687 6.90972 6.168 5.46774 4.81341 4.20802 3.65327 3.14969 2.6967 2.29287 1.936 1.62335 1.35176 1.1178 0.917937 0.748584 0.606246 0.48757 0.389409 0.308855 0.243267 0.19028 0.147803 0.114013 0.087338 0.0664406 0.0501932 0.0376562 0.0280548 
3.65613 4.17918 4.74397 5.34776 5.98664 6.6554 7.3476 8.05559 8.7706 9.48291 10.182 10.8569 11.4964 12.0891 12.6243 13.0919 13.4827 13.7889 14.0044 14.1248 14.1474 14.0719 13.8998 13.6347 13.2819 12.8487 12.3434 11.7759 11.1566 10.4966 9.80727 9.0997 8.38467 7.6723 6.9718 6.29137 5.638 5.01748 4.43432 3.89178 3.39195 2.93583 2.52344 2.15395 1.82582 1.53696 1.28483 1.06662 0.87933 0.719907 0.585303 0.472569 0.378905 0.3017 0.238562 0.18733 0.146081 0.113125 0.0869975 0.0664406 0.0503896 0.0379515 0.0283855 0.0210836 
3.30601 3.76748 4.26361 4.79165 5.34776 5.92707 6.52362 7.13045 7.73973 8.34285 8.93067 9.49366 10.0222 10.5069 10.9387 11.3093 11.6114 11.8391 11.9875 12.0537 12.0363 11.9357 11.7538 11.4946 11.1631 10.7661 10.3113 9.80727 9.26324 8.68876 8.09344 7.48667 6.8774 6.27394 5.68378 5.11345 4.56847 4.0533 3.5713 3.12481 2.7152 2.34294 2.0077 1.70851 1.44384 1.21171 1.00985 0.835792 0.68694 0.560686 0.454465 0.365816 0.292418 0.232127 0.18299 0.143255 0.111372 0.0859839 0.0659236 0.0501932 0.0379515 0.0284966 0.021249 0.0157349 
2.9687 3.37279 3.80534 4.26361 4.74397 5.24187 5.7519 6.26782 6.78269 7.289 7.77882 8.24405 8.67655 9.06847 9.41242 9.70172 9.93063 10.0945 10.19 10.2151 10.1693 10.0536 9.8703 9.62322 9.31731 8.95862 8.55405 8.11116 7.63791 7.14243 6.63282 6.11689 5.602 5.09491 4.60161 4.12727 3.67618 3.2517 2.85631 2.49161 2.15841 1.85682 1.5863 1.3458 1.13386 0.948668 0.788227 0.650381 0.532924 0.433654 0.35043 0.281216 0.224108 0.17736 0.139391 0.108792 0.0843209 0.0649015 0.0496084 0.0376562 0.0283855 0.021249 0.0157965 0.0116617 
2.64734 2.99854 3.37279 3.76748 4.17918 4.60376 5.03634 5.47138 5.90281 6.32414 6.72859 7.10931 7.45952 7.77275 8.04301 8.265 8.43427 8.54737 8.60197 8.59693 8.53236 8.4096 8.23117 8.00071 7.72281 7.40292 7.0471 6.6619 6.25412 5.83062 5.39814 4.9631 4.5315 4.10877 3.69966 3.3082 2.93767 2.59056 2.26864 1.97295 1.70392 1.46137 1.24466 1.05275 0.884256 0.737583 0.610977 0.502595 0.410575 0.333079 0.268338 0.214683 0.170566 0.134576 0.105444 0.0820464 0.0633981 0.0486489 0.0370724 0.0280548 0.0210836 0.0157349 0.0116617 0.00858302 
